,32-

Β1111111111 1111 111111111111. 11111111 1111111111 11111 1111 111111111· 11111
1111 11111111 1111111· 11111111111111 1111111111 111111 11111111 1111111111 111111,
1111111111111111 11111. 11111, 11111 11111 111111111111111 1111· 11111111 1111111111.
111 11111111111111 111111 1111 111111 1111111111 1111111111 11111 11111111 11111 111111-
111111111.”1 1111111111 111111111111111 1111 1111111 111111111111111111 111111111-
111111111111111, 11111111 Η1··11111 1111111111111111 11111 111111111111111111, (1111
1111111111111111111111111 11111111. 1111111111111 11111 111111 11111111 1111 111111
111111 Aganippe 111111 11111111111111111111111, 111111 1111111111111111111111111
¹ 11111111. 1111 11111111 11111111111111111, 111 11111 1111111 111111 111111 11111 1111
111111111111111, 1111 11111 111111 1111111111.1111111111111111111111. 111111 11111
1111· 111111111· 111111111111, 11 111 111111 1111 1111111111111111 1111· 11111111· 1111111111
1111111 111 11111111 1111111111 11111 111111111111111111. 1111111111 111111 1111111111
11111, 1111111111, 1111 11111 1111111111. 111111111111111 11111 1111111111181111111111.
111111111111111 1111111 111111 111111, 111111 1111111 111 1111111111111111·111111111111111
111111 111 11111111, 11111111 11111 1111Η111111111 111111111111111111111111111111111 ’
111, 11111111 11111 1111111 1111111111 1111111 111111 11111111. 111 dass 11111111111111 ’
11111111111 1111111111111 111111 11111 1111111111, 1111111111111111 11111 11111111111111111111
111111111111111,,1111111111 11111111111111111111111 1111111111 111111111111111 111111
11111111111 11111 als 111111111111111 111-11111 1111111111111 11111 1111111111
111111· Art. 11111111 11111111 1111111111111111111 111-11111, 1111111111 Η1111111.
(divini) ,,11“111111·11“, 111111 „vin 8111111111 1111 1111111111κ (soboles
Phoebi) 111111 11111 11111111111111111111111111111111 (111111) 1111111111111, 111
1111 111-1111111111 111111111 1111111 11111111 11111 ,1111111111111111 111111111111111
111 111111 111111111111111 11111111 1111· 1ἶ11111111111111. 111 1111111111 11111111-
11111111 111 111111111111111111. 1111111111 11111111111111 111111 ’111111 111 11111
1111111111 1111111 111111111111111111 11111111.

Δ111111 1111111111 11111 vida 1111111111 11111 0 11111 111111111111111. 111
11111111, 1111 111111 1111111 1111· 1111111111. 1111· 11111111 11111111111 1111111111

Man 111111. 1111· 1111111 1111111111. 1111· 1111111Ιί111 111111111111111111111.
1111· 1111111111 111111· 1111111111. 11111 111 111111111 1111111111 1111Ι 111111
1111111 11111. 1111 11111117111111111 1111· 11111111111111. 11111 111111111111
’ 1111111111. 11111111111111111111111 ,1111111111 111111111. 11111 11111111
1111 1111111 111111 ,1111111 1111· 11111111111111111111111111 1111111111111111 Η1111111
111111 111111111111 1111111. 11111111 111111 1111111111111111111111111111111111.

1111111. 11111 17. 11111 1111111.
Ρ. Alois Fischer,
1111111111.

Ἡ111115 . . . vulgus procul 1111 profanum.
Vgl. Hor. Carm. 111. l, 1101111101111111111111111 11 arceo.

 

