„14-

Ι11111111111.1’.1. Es 111111. 11111 111111 111111 111111, 11111 Rauen,
11111111 aus 11111 11111111. 1111 1111111111.

11111111111111111 ff.) 1111111111Ι11111111111111ε 1111111, rath 11,
111 Β111111 11111 11111111 111111 111111 1111 11111 1111111111 1111111
11111111111111111111 11111111 11111 1·1111111111·,11111 11111111111111111111·
11111111111111111. 1111111 11111 111111 111 1111 ,111111 1111111111111, 11111
1111 1111111111111 11111111111111 1111111 111111 1111 11111111 1111111 8111111
1111111111, 1111 1111111111111 111111 11111111. 11111 11111 111111111111111
1111111 11111 11111 11111111· (1111111111, 1111111 1111 81111, 1111· 111111· 11111
1111111111 111111· 111 11111111111111111111111. 11111 11111111 1111111111
1111, 11111111 offen 1111 Δ111111. 11111111 1111 1111111111 111111111111
71111111 11111 11111 1111111111111 1111 1111111111 1111·1111111(111111111111111·-
1111111. 1111111111. 11. 11111 111111111111111111111111111, (1111111111
111111 111111 11111 ,111111 111111, 1111111111 1111111 11111 1111111 Ε11111·111·11111111
111111 111111111111 als ,1111 111111111111 Η1Ι1111, 1111 11111 811111 111111
8111111 111111111111·,1111111111 1111111111, 1111111 11111111· 11111 11111111111111-
11111111 11111111 1111· 1111111111 ’,111111Ι Ans 111111 1111111 111111 1111111,
1111111111· 111111· 11111 1111111 1111 111111 111111, 11111111 11111111, 1111 1111·
1111111111 1111111. 1111Ιί1 11111111 111111 11111 11111111, was 1111 1111·
11111111 1111111 11111111, Ι11111111111111111111 111111 8111111111 1111111111, 981.

Um 1111 Ε1111111 111 1111111, 11111 1111 111111, 1111111111Η1111
11. 25 ff). 1111 11111111111111 111111111111 Α111111111111 1111 11111111
1111111111 11111111111111111111111 1111111. 11111111111111111111 11111 111
1111111111111111 111111 11111111111111· 11111111ς 1111111 1101111 11111. 111111
1111111 11111111 111111 111111. 11111111 111 11111· 1111111111 1111111 111111 111-
11111ῑ 11111111· 1111111 1111111111 1111111111, 11111 111111118111 zu 11111111
111111 11111 111111 1111111111 111 1111111111, 111 1111111 111111·11·11111111111; 1111·
1111111111 11111 1111111111 111 1111111111 111111, 111111 1111111 111111 11111111
11111111111111111111 1111111111111 11· 1111111 1111111· 11111111111 111111 11111111
als 111111111111111. 111 11111 1111111111 111111 11111111, 1111. 1111111 111111, dass
,111111111111111111111 11 11111 11111111 1111· 1111111111 1111111111111 1111111.
111111 1111111111, 11111 1111111111111111 111 1111111, 111111 11111111111111 111
11111111111111111111. 11111 111 11111111 111111111111111111 111111 1111111111
1111111111 1111 1111111111 111111 111111· 11111 111111 1111111111.

11111111111111111111 111111· 11111111111111 11111111 1111 vida 1111811111
11, 15-8111. 11111111111111, 111111 1111· 1111111111, 1111 1111111111 1111 werk-
111 1111111111. 1111 11111 1111111111 11111111, 1111 111111 11111111, 1111 1111
11111 1111111111· 11 11111 1111111111. 111111 11111111 ’111111 111· 111111
111111111111 111111111111· 11111111. - 1111111· 11111117111111111111111 1111
11111111 11111111111111 11111 1111 1111111 11111111. 11111 ff. und 11111.
1111 1111· 1111111111111111 1111111111 11111111 soll: 1111111111 11111· 7111111

 

