0 - 17 —

1111111111111111 11111119 91 z. B. Ι19111. 1191111 ’191911111111 111191 (119 11111911
,1111119 911111111111 9111111919, (191· 1119119 Nestor hi1-1gegen 1111 (111191118111919,
(111 Η(111(1(·11 111111 1191111191( 1111111911( sich 911191119ε ,1919191101 1191119.
je 1111111 11119111 1191911111-,1191111111 als Manu. (1111119111, als 9111911011-
11911. 1Ῐ11191· 1111119111 11111191 (1111111911 (111911 1111111 9111 [11119111111111.
11111111 ,11111191ι (191· 11111191 111111 119111911911 11111111, 1111 191111111111911911
11111119 (1(11111111111911111111111, so Ι11111111119111911111 1191111111911911 191191 ,
(111· (1111119119 1911111. (1111111111 11111 (191· Τ1·11111·91,1111111111(11; ,111110 11111-
1119119111111, 1911191191 11111 1111111, 11111111. (1111 19191119119 8111191191 111111
111 11111 111119191· 1111111911.

11111111 9111 1111111111 1111111911’11111111111111 Latinus! 191191, 1011
1111111111911 (11111,11111911111191191’11111191111111 (11111111 (1111111111 111111 1111111911
(19111111. 1119111· 11111111111111, 1111118119119 1111111111 (1111191,111111111111111111911
1111111. ,1119111191 11111 1111111911111911911 11111119111111111 (111(1911111111(1191111111-
11111911 1111119.

(1 ,111111 (1911911911111911 811111111111111 (191· 119111111911. Der
11191119111111, 1119Η11111111. 1111 111 (1111111111. 1111111 (191189919111111111111
(191· ,11111111 111111111911111911. 111 (11919 1191111111 (1911111111. ,10 1191111119 (119
111111191111111. «lass 1111111 1111 1111111911 ist ,119 1191119111111 1191111111111. so
1191119119 (119 1111111111111111ι «lass auvh 1111· 1191119111 111111 (11191 (191· Τοιι
,1111191111 1911111191. ,111 111111 uns (1191)(1111911111111(1111191191 1111111911911,
(11191 1111· 119111911 ,119 11911111119111. 1111191· 1191111111911 1119119 911111119911911
1111111119 1111119, 911191· 111111111911 (11·(111911119, 911191 1191191 ,111191191111911
1111111111111119, 911191 1119111911 9111111111119ε (191111 (119 Natus 11111911 (119
1191111119Ι (111Δ 111119111 811111111111111911 1111111 (1911 ,191191111911 1911111111111911
1111(1 171111111111911, 111111 (11111111 1111111· (111111 (119 8111111119 ,11911 111111911. (111
,119 11111111· (1111191111 111. (1111 (191· 1)(111111911111 (191·119111111111119119ἕ111111911.
Wosorn also (111·1111111111119119111111111111Ι (191· 1191119119111111111111 (1911191911-
(1911 111119111191111. 111111 (191· 1111111111 9111 111 ungunstigffl· 99111. (11111119
111191· (11191 7111111191· (1111111191 111111 (1111111911911. -- 111111 191111119111111119111
(1111· 1191111111· 111, 11111 111 ,191119119111 1111911191111191111919. Dido, 11191111
91. 1111111111111 11191111 911111111911119 (1111191111 111191· ,1111111 1111119111111111111,1
91111191111111 (19111911 (191111 als 119 (119 ’1111111191 111111111111 (1111111111111. (119
11111111 111111 (191911 11911911 1111111111· (1111 siv vinlud. 111111191111191111911111
1111111111119 111 1111111911. (111 11111 ,119 1111111 111111 11111111. 1911111111 auch 11119
8111111111· ,1111111ε als 111191· ,191191111 1111 1111· 111111111111111191119, (111101119119,
,1111111119 111( (11191111 (1111111 (111· 8111111. (191· 8111119 1911111111. 111111 111
811111111111111119 11111111911191111(111111911111119119 11111119119191111111119111(1; (119191
119111111111111111111111111· 1111111111» 111 (111111 11119 8111111119 11911111. (11191111. 111111.

 

