--15-

11111. 111111. 1111111 11, ,1111111111 1111111 11111 1111111 111111 111111111 111111
1)111111111111111; 1111111 1111111111111 111111111111111111111· 1111111111 1111·
1111 11111111 11111111 111111 dorthin und 1111111111 1111 111111 1111111 111111·-
11111111111 ins 11111111. 1111111111 11111 11111111 1111111111, 1111111- 111111
1111111111 1111 11111 111111111111111 111111111111111 111111111111 11111 1111111 Γ11111111-
1111111111Ι 1111111111111. wira 1111111, 1111· 111Ι 1111· 1111111111 111111 111111.
111111 11111, 11111 1111111111111 11111111111111 111111 1111111 11111111111 11111111-
111111111111111. (11111111, 11111111 111111 Η11111, 1111111111111 111111· 1111111 11111111-

11111111111111 soll, 1111 ,1111111111 11111118111111111 1111111, so 111 es 1111111· -

1111111 1111 1111111, 11111· 11111 1111111, 1111 11111111· 111111 11111111 111
111111111111111 111111 111111 111111· 111111 1111111111111. dass 1111 1111· Η1111111
(11111111, 11111, 8111111111. 111111 111111 11111 111111111111111, 1111111 1111111
111 ,1111111 111 111131111111111111111111111111 1111111, 71111.

11111 11111111 111111 also 111111 11111111, 1111111 1111111111 111111 1111111-
11111111111111111111111. 111111 11111 111111111111111111111111 1111111111111111. So
11111111 11 1111111111 11111 111111 ,111111111111111111 1111111111[1111111111111111111
11111111111111 111111 11111 1111111 111111111111111118111111 11111111 111111 11111.
was ,111 1118111111111 11111111111111111111111111111, 111111111111111 1111111111111111111-
1111 111 1111111 1111111111. 11111111 1111111 111 111111111111111 8111111 1111111111111,
1. B. 11111 11’1Ι111111111,1111 11111111, 111111111111111 1111Ι 11111111. 1111111111·
1111· 11111111 11. 11.. 11111111111111111, 1111 111111111111111111 111111 wohl 111111
71111 111111 1111 111111 1111111111 11111111. 1111111 1111111111 11111111 111111· 111111
1111111111 111111111111111111·111111111111111, 11111· 1111 11111111 0111 11111 111
11111111111111· 71111, 1111111111 111111111111111 111111 1111, 11111 111111 1111111111-
111111 1111111 111 1111111· 1111111111 1111 111 11111 1111111111 1111111 11111-
1111111111 11111111 111 11111111. 11111111 111111 111-11111. 111111111 1111111
1111111 111111· 11111111 1111111 1111111 1111111111111111111111 11111111 81111111 1111-
111111. 1111 1111111111 7111111111111111111 11111111 1111111 1111 111111 11111
1111111111, 111111 111 1111 111111 111 1111 11111111 11111111. '-

111 11111111111111111111. 8111111111 111111 1111111111 1111111111 11111
111111 11111111111111111 1111111111111111 11111111

11 Δ11111 1111· 11111111, 1111 1111111111111 111111. Η11111 1111111111
111111 (1. 1111 1111 111111111111111111· 111111 1111111111·1111·81111 1111111111111111-
111 1111111 1111 1111· ’1111111111 11111111111111111111 1111111111111111 11111111111
11111111 1111· 7111111111· 11111111111111 11111111. 111111 1111· 111111111· 1111111
1111111111 (1111111111, z. 11. 1111Ι 1111111 1111 ’1111111111 1111 1111111111
Stilo 1111 1)111111111111111111 11111· 111 111111111111111 1111111 (1111111111.
111111· 811111 11111 1111111111 111111 1111111· 1111111111 111111111111 11111111.
7111111111 1111111111 1111111111 111, 11111 111111 111 1111· 11111111111111111 11-
111111111111111 111111111111111 111111 11111. 1111111111111111 11111111 1111111111
111 ’1111111 11111111 111111111111111 11111111 111111 ’11111111 Ι11111111 ,111

 

