,8-

1111111 111 11111111. 1111· 11111 1111111111 111 1111 ι11111111111111111111 11111111111
111111 11111 1111111111 111111. 11111 11111111 1111 1111111111 1111· 1111111 111111 11111
,11111 1111· 8111111111 1111111111111111111, (11111111 Ι111111· 1111111 an 11111 11111.
8111111111 111111111111111111, 1111· 1111111 1111111111111111 1111111 ,1111111 1111111111
111111 111111 1111111111111111 11111111111111111111111111111. 1111· 1111111111 sange
1 sein 81111111111111111 11111111 11111 11111111 ,111111 111111111111111, 111111111111111
1111111111 1111111, 1111 111111 1111111 1111 1111101111111111111 11111111111111111
,111111111111111111111111 111111 Ascanius. 1111111111. Pallas. Euryalus 11. a.
111111111111111111111. 711111111111111111 11· 11111 1111 1111 ,111111111111111 111111111-
1111111. 111-111111111111 1111 1111111111 11111111 111111111111111, 1111111111 1111111111
11111111111811111111111 111111 11111 11111 11111111 11111111. 1111111 11111 1111111· 11111
1111111111, 1111111111111111 1111 111111111111111, 11111 ,111111111111111111111 11111111,
1111111111 1111 1111111 111 11111111111111. 1111111111 111 1111111111111111. Η11111· 11111
,111111111111111 1111111111 Η1111111 1111 11111 Ι111111 1111, 11111 11111 1111111111
11111111111111, 11111 11111111 11111111 111 1111111· 111111 Α1111111111 1111111111.
811111 Δ1111111111111· 111111 11111 1111·111·11·11’1111·1111·.,11 11111111· 111, 1111111111111;
111111· 1111 11111111111111111111111 1111111111111111111 des 11111111181111111Ι 1111·
111111111111 1111111111 1111111111, bis 1111· 11111 11111111 1111111111Ι 11111111.
11111111111111 111111111111111,11111111111111111111 110111 1111111111. 1111111111111
11111 111111 11111111 11111· 1111111111111111111111 1111111111111111111 111111111111111
11111111111 11111 111111111111111111111 1111. 1111 1111111111111111111111111, 1111· 11111
1111111111 ’11111 111111 1111 1111111111 1111· 1111111 1111111111 111111 alles mit
1111111111· 11111111 111111 1111111111 1111111. 11111 1111111111 111111111111111 an
Stimnw 111111 1111111111. 111 1111111· 11111111111111 1111111111 1111111111 1111
1111111111111 8111111111 11111111111111111111111ι 1111111111111111111 1111111111-1111, bis
1111· 111111 11111111· 1111111. 1111· 11111111111111 1111111111111111111111111 1111· 11111111·
11111 1111111· 1111111111 1111111111· 11111111111111111111. Vergil 111 also 1111
111111 111111111111111 1111Ι 8111111111. 1111111 ,111111 111111111111 111111 1111111111
· 111111 ,111111 1111. 111. 545 111 11· 111 1111 11111111 111111 81111111 11111111·
1111111111 111111 11111111 1111111111111111 111111111111111111111111 1111111· 11111111
11111111 1111 81111111 1111111111, 11111 11111111111111 1111111111, 1111111 11111111111111
11111Ι 11111111 1111111111. 11111111 11111111 11111 1111111111 111111111 Auge und
,11111111 1111111111.

111 11111111· 1111111. 1111111 1111111 1111111 11111111111111. 1111111111 1111111111
111111111. 1111 11111111111111 11111 111111 11111111. 11111111111111111111111 11111111
11111111 111111111111 1111 11111111 11111111 1111111. 1111111 1111 11111111111111 ,111111
111 111111.

1311111. 111111111111111 11111 111111 1111111 1111111 111111 1111111111 11111
111111 1111111111111111. dass 11· 1111111 11111· 1111 11111111111111111111111111111111111111,
1111111111 1111111 11111111 8111111111. ,11111111 11111111 11. 10111111111111
111111111 8111111111 11111111.1 11111111111111111 1111111111111111111111111111 1111111111.

 

