„27-

11111111 1111111 11 111111 hin. dass 11· 11111 1111111 111 11111111111111111
1111111111· 1111111111· 111111 11111111111 111111 11111111 1111 11111111111111111111
1111 1111111 1111111111 1111 11111 zu 1111111 1111111111. 111, 111111· dass 11
11111, 1111 1111 11111111111111, 1111 11111 11111111 111111 11111 Bait 111111
11111111 111111. 111 111111111111 11111111 11111 1111111111, 111111 1111111111
11111 1111111. 111111 111 11111111111111111 81111111111111111111.

1. 31111 ff. 111111 Η11111 11111 1111111 1111, 11111111 11111 111111
Ι1111111111111111 1111111111 111111. Ei· 111111 1111· 1111 1111111111111111111
111111 1111111 1111 1111111111111111111111. 1111111 1111111111 1111111. 1111
1,)1111111111111111 111111. 1111 111111 11111111111111111111.111111111111111111111
1111111 11111111111111 111111 111111· 111111 1111111111ιὲ 1111111111 11111111.
1111-1111111111111111111111111111 11111 111111111111111 111111 1111 11111 1111111111
111111 1111111111 1111111111, 1111111111 111111111111111111111111.1111111111.
1, 11. 11111111111111111 111· 11111 11111· 1111111111111111 1111111111 111111 111-
1111111111Ι 111111. 1111111111 1111 1111111111111111111111111 11111111111111
11111111. 1111 11111111 1111111111 111111 111111111111 11111111 1111 1111111 11-
11111111, 111 1111111111· 1111 11111111111111111111. 1111 111111 111111Ε1111111111
11111 1111111111. 11111 11111111 1111 11111111 in 1111 1111111 1111· 1111111111111
1111111111, 1111111111111111 1111 11111111111111111111111111111 11111-
1111111 111111 111 1111111111. 11111111111111111111·Ε111111Ι1111111111111. 381 ff.)
111111 1111· Ι11111111111111 111111111111, 11111 111111 zu 11111111111111111.
1111 11· 1111 1111111111111 111111111 Tarpa, 1111 11111 (Piso) 11111 1111
(Horam 111 1111111111111111111111111 11111111 111111 (111111111111111111111111111
11111 111111 ,111111 111 1111· 111111111111111 1111111 1111111 111 11111111 111111
11111, 1111111 11· 1111111111 1111111111 111111. 11111111 11 11111 1111111
111 1111 11111 gisandi 111. lassi¹ 11111 1111 1111111111 111111 111111 111111
11111111111111111111. l. 18. 111.

111111 Eudo 1111 11111111 (v. '419 111 regi 1111 1111111111 den
1111111111 1111111111 1111 1111111111111 an 1111111111 11111111111111111111
1111111111 1111 8111111111111111 1111 11111111 111111 11· 11111 1111111. 11111111
111111 und 1111111111111111 11111111 111111 111 1111111111 1111111, die
11111111111111111111111111 und Feliier ihm auiiichtig 111111111111111-
11111 111111 1111111111 1111 Quintilius 11111. 1111· 11111 11111111111111
1111111 8111111 sagio: 1111111111, 1111111 11111111, 11111 111111 11111, 11111111
,1111 11111 111111 1111111 11111111 11111 111111 11111 11 11111 1111 weigerte⁷
11111 111111 1111111· 1111111. 11111111 ihu 1111111 1111111 1111111111.
1111111111 111111 11111111111111111 1111111111111.11111111111111111 und
iioipeiige 11111 11111111. 1111111111111 1111 71111111 111111111111111, 1111
111111111111111111111111111 1111111 1111111111, 1111111118111111 1111111111,
11111111111111 1111111111, 111111 1111111111Ι bedisti-ige 1111111111. 1111
1111111111111111 1111111111111111111111111111111111, 11111111 dem imurigen

 

