- 31 -
81111111.

1111111111 1111 1111111111 111· 1111111111.

1111· 1111 11111 Names 111111111111 1111111111 1111111111 1111111111
11111 11111 fiir 1111 7111111111 111 11111111 1111111 1111, 1111· 1111 111111 111111
1111 1111· 1111111111· 111111111111111111 1111. 11111111 11111111111111111111111
111 11111111111, 1111111111 11111111111111111111111111, 111111 1111111111 11111
1111111111 1111111 11111111111111111 (las 1111111.1111111111 1111111111111
1111111111 1111111111 111 1111111. 1111111 (111 (11111111111111111 11111 Ursprung
111111 1111· 111111111·111111; 111 1111111111 11111· 111111 Η111111111111111 1111·
Ι11111111. 1111 11111 1111111111. 11111 1111111111 Ρ1111 11111 111111111111
1111111111111111111111 11111 111 1111· 1111111111 11111 11111111 111 1111111111,
111111111111 1111111111 1111 11111 111111 11111111111111 811111· 1111· 11111111-
1111111111111 1111 111111 11111111 1111· 11111111 ,1111111111 aus: 11111111 1111111111
1111 (1111111111 ,111111 11111111111111111 8111111111 so 111 111111 Η1111 11)-
11111111, 11111 11111 11111 1111111111 1111111 11111· 11111111111111. 1111111111-
1111111111. 1111111111111111111111111111 1111111111 11111111. 11111 11111111, der
1111 1111111 1111111 1111111 111111 11111. 11111 [1111111111111 11 tragon 111111.

Dies wohl beherzigend, 111111 1111· 11111111· 1111· 111111111111
1111 1111 ganzo 7111111111 111111 1111111- 111111 Η11111Ι1111111111 (11111111
111111111111111111 1111111111 1171111111111111111111111111 11111 11 1111111111
11111111. wie 11· 1111 11111111111111111 Ρ1111111111 1111111111 11111. zsigt
11111111 1111111111 81111111 111111 gibt 1111111111111111·111111111111111111111,
11111111 111111111111111111 1111111 11111111 Betragen 111 11111111
11111111 11111111.

11111111111111111111111111111111111111ῑ 111111· 11111111 ι111111 und
1111 1111111111 ι11111111111111111.1111111111111 11111111 1111111111 Helikon. 11
11111111 Waldgebirge stand 1111 Δ11111111111111. 11111· (11111111 11111 111
,111111111111 aus. 11111· 11111 1111 1111111111111111 Aganippe. 11111111
11111111111111111 11111111 11111 111 11111Η111111 1111 Parnassos, 11
11111111111111 111111 1111111111 1111· 1111111111111 1111111 1111111111. 11111111
damn: 11111, 111 Apollo eiust 1111 1111111111 111111 11111111111111111
11111111 1111111111, 111· 1111· sitz 1111111 01111111 111 11111· 1111111, 111
1111111 Hshlung 1111 11111111 1111111111 11111111. 31 Dis Pierides
(111111Ρ11111111)1111111111 Berge Ρ111ὀ1 111 1111111111 1111 Olympos.
11 1111111111, 1111111111111111111111111 Tibur: 11111111111111111181111111
11111111 111 1111111111 1111111111111111111 111 (11111111111111 1111 Faunus
1111111111. 11 11111111111-1111111111111111111111 Pan. 111111111111111111·
1111 Ε11111111· 1111· Syrius, Silvanus, sannen 11111 Dryades.

 

